-3 25.72253 
-2.9 24.63087 
-2.8 20.71831 
-2.7 20.44019 
-2.6 16.63818 
-2.5 14.69205 
-2.4 14.40213 
-2.3 11.85643 
-2.2 11.10423 
-2.1 8.82515 
-2 6.884087 
-1.9 5.412881 
-1.8 4.283665 
-1.7 3.161721 
-1.6 2.307463 
-1.5 1.871128 
-1.4 3.34663 
-1.3 1.049226 
-1.2 2.970717 
-1.1 2.502708 
-1 -0.4341893 
-0.9 0.9772676 
-0.8 -0.4621424 
-0.7 -1.009768 
-0.6 -0.6628323 
-0.5 -1.253824 
-0.4 -1.036205 
-0.3 -0.2726996 
-0.2 0.1276904 
-0.1 1.204357 
-1.526557e-15 -0.268681 
0.1 1.41414 
0.2 1.480062 
0.3 -0.5043362 
0.4 0.4805099 
0.5 0.814352 
0.6 -0.7351749 
0.7 -0.9744662 
0.8 -0.9055591 
0.9 -1.243358 
1 -0.3611503 
1.1 -2.349889 
1.2 -2.642021 
1.3 -2.123384 
1.4 -2.181809 
1.5 -3.59259 
1.6 -2.546011 
1.7 -4.793195 
1.8 -4.356145 
1.9 -6.178776 
2 -8.470507 
2.1 -9.964838 
2.2 -9.875503 
2.3 -11.61707 
2.4 -14.70169 
2.5 -15.38098 
2.6 -17.90464 
2.7 -18.32529 
2.8 -22.85082 
2.9 -25.15591 
3 -26.34574 
