-2 3.98811 
-1.9 3.91142 
-1.8 4.13213 
-1.7 3.565074 
-1.6 3.355674 
-1.5 3.273739 
-1.4 3.366097 
-1.3 2.813514 
-1.2 2.471749 
-1.1 2.442554 
-1 2.127443 
-0.9 1.798626 
-0.8 1.61633 
-0.7 1.010119 
-0.6 0.9452722 
-0.5 0.6613845 
-0.4 0.6005517 
-0.3 0.2271554 
-0.2 -0.09536725 
-0.1 0.07140928 
6.383782e-16 0.1651773 
0.1 -0.1209762 
0.2 -0.03319112 
0.3 0.2968368 
0.4 0.6399518 
0.5 0.8617301 
0.6 1.24274 
0.7 1.964608 
0.8 2.237557 
0.9 3.110869 
1 3.918324 
1.1 4.922521 
1.2 6.127532 
1.3 7.23123 
1.4 8.532717 
1.5 10.28894 
1.6 11.9053 
1.7 13.67491 
1.8 15.44702 
1.9 17.54302 
2 19.75274 
2.1 22.66556 
2.2 25.12435 
2.3 27.94491 
2.4 30.9453 
2.5 34.5414 
2.6 37.85024 
2.7 41.70668 
2.8 45.36526 
2.9 49.62858 
3 53.79704 
