-3 -30.11947 
-2.9 -27.34589 
-2.8 -24.81365 
-2.7 -22.29498 
-2.6 -20.11337 
-2.5 -18.11535 
-2.4 -16.08528 
-2.3 -14.31894 
-2.2 -12.73477 
-2.1 -11.21528 
-2 -10.02187 
-1.9 -8.56411 
-1.8 -7.610633 
-1.7 -6.636761 
-1.6 -5.773183 
-1.5 -5.033378 
-1.4 -4.074447 
-1.3 -3.68336 
-1.2 -3.074084 
-1.1 -2.566268 
-1 -1.863999 
-0.9 -1.490107 
-0.8 -1.498935 
-0.7 -1.229333 
-0.6 -0.752104 
-0.5 -0.6149926 
-0.4 -0.5445309 
-0.3 -0.4901325 
-0.2 -0.1519746 
-0.1 0.06679965 
-1.526557e-15 -0.009380833 
0.1 -0.07771556 
0.2 0.0975191 
0.3 0.4856905 
0.4 0.3632607 
0.5 0.7240636 
0.6 0.7962843 
0.7 1.234197 
0.8 1.434392 
0.9 1.635165 
1 2.075542 
1.1 2.430741 
1.2 2.86104 
1.3 3.4402 
1.4 4.321747 
1.5 5.00885 
1.6 5.854718 
1.7 6.642769 
1.8 7.750946 
1.9 8.592046 
2 9.992301 
2.1 11.53411 
2.2 12.89694 
2.3 14.34156 
2.4 16.35994 
2.5 18.14291 
2.6 20.0015 
2.7 22.44012 
2.8 24.94552 
2.9 27.09251 
3 30.19794 
