-5 6.509539 
-4.9 5.473286 
-4.8 1.244746 
-4.7 -0.7970027 
-4.6 -2.094274 
-4.5 -3.852908 
-4.4 -5.099239 
-4.3 -8.269529 
-4.2 -8.812625 
-4.1 -9.832806 
-4 -10.20316 
-3.9 -10.45038 
-3.8 -11.53268 
-3.7 -11.03313 
-3.6 -10.96245 
-3.5 -12.0348 
-3.4 -11.02157 
-3.3 -9.79362 
-3.2 -9.345937 
-3.1 -10.18537 
-3 -8.93175 
-2.9 -8.145965 
-2.8 -7.606493 
-2.7 -6.727396 
-2.6 -6.28388 
-2.5 -5.735944 
-2.4 -5.101066 
-2.3 -4.268475 
-2.2 -2.741914 
-2.1 -1.999706 
-2 -2.261747 
-1.9 -1.060199 
-1.8 0.2029573 
-1.7 0.222942 
-1.6 -0.4026695 
-1.5 0.4908648 
-1.4 0.8345285 
-1.3 0.2643092 
-1.2 1.280584 
-1.1 0.7117635 
-1 -0.2175358 
-0.9 0.413847 
-0.8 -0.4474841 
-0.7 0.03870686 
-0.6 0.08080876 
-0.5 1.209249 
-0.4 -0.4010508 
-0.3 -0.4467535 
-0.2 0.1200094 
-0.1 -0.8267385 
1.026956e-15 -0.1834442 
0.1 0.2339047 
0.2 -0.6604578 
0.3 0.9475334 
0.4 -0.5403748 
0.5 0.05326564 
0.6 0.4157521 
0.7 0.8332997 
0.8 0.7002917 
0.9 -0.437178 
1 -0.05511527 
1.1 1.045834 
1.2 1.175353 
1.3 0.1409516 
1.4 1.214816 
1.5 -0.7217525 
1.6 0.5462109 
1.7 -1.133692 
1.8 -1.447762 
1.9 -0.5684141 
2 -1.001805 
2.1 -3.12231 
2.2 -3.735685 
2.3 -2.546329 
2.4 -4.447648 
2.5 -5.453119 
2.6 -6.508744 
2.7 -6.84561 
2.8 -7.969228 
2.9 -7.724221 
3 -7.995548 
3.1 -10.03837 
3.2 -10.27173 
3.3 -9.762308 
3.4 -10.17816 
3.5 -12.18003 
3.6 -12.4603 
3.7 -10.67608 
3.8 -11.46771 
3.9 -11.95824 
4 -10.31989 
4.1 -9.901294 
4.2 -7.895235 
4.3 -7.872274 
4.4 -5.275019 
4.5 -4.025076 
4.6 -1.973298 
4.7 0.3694192 
4.8 2.939305 
4.9 4.624392 
5 6.68963 
