-2 2.054985 
-1.9 2.212053 
-1.8 1.928131 
-1.7 1.733358 
-1.6 1.646145 
-1.5 1.528071 
-1.4 1.529562 
-1.3 1.028374 
-1.2 1.06044 
-1.1 0.8707815 
-1 0.5909495 
-0.9 0.7206464 
-0.8 0.5975783 
-0.7 0.6198704 
-0.6 0.4852126 
-0.5 0.1456687 
-0.4 0.107855 
-0.3 0.1788468 
-0.2 0.1330231 
-0.1 -0.03231629 
6.383782e-16 0.05496434 
0.1 0.00930557 
0.2 -0.001738766 
0.3 0.1171185 
0.4 -0.04361208 
0.5 0.3639243 
0.6 0.361721 
0.7 0.5896088 
0.8 0.636435 
0.9 0.7059742 
1 0.6662235 
1.1 0.7254562 
1.2 1.112772 
1.3 1.349587 
1.4 1.337367 
1.5 1.482635 
1.6 1.579044 
1.7 1.788127 
1.8 1.878784 
1.9 1.874481 
2 2.353645 
2.1 2.560883 
2.2 2.334425 
2.3 2.559929 
2.4 2.717037 
2.5 3.082926 
2.6 3.317121 
2.7 3.298683 
2.8 3.471069 
2.9 3.723266 
3 3.699759 
3.1 3.848868 
3.2 4.130063 
3.3 4.19216 
3.4 4.213775 
3.5 4.68549 
3.6 4.57371 
3.7 4.779297 
3.8 4.802978 
3.9 4.984283 
4 5.336028 
