0.1 -0.1060285 
0.2 -0.01185676 
0.3 0.1688106 
0.4 0.4902787 
0.5 0.330667 
0.6 0.2772764 
0.7 0.4918977 
0.8 0.5037309 
0.9 0.5430901 
1 0.5002793 
1.1 0.6994542 
1.2 0.6204216 
1.3 0.4315129 
1.4 0.778492 
1.5 0.5732618 
1.6 0.5678447 
1.7 0.4925635 
1.8 0.7710104 
1.9 0.6786402 
2 0.4002987 
2.1 0.661619 
2.2 0.3714636 
2.3 0.6239655 
2.4 0.3474096 
2.5 0.1796664 
2.6 0.4088651 
2.7 0.3190639 
2.8 0.3414386 
2.9 0.2028412 
3 0.07248959 
3.1 -0.1247959 
3.2 0.05190451 
3.3 -0.07184808 
3.4 0.01786183 
3.5 -0.06530055 
3.6 0.03218449 
3.7 -0.286975 
3.8 -0.06485055 
3.9 -0.3679663 
4 -0.1429102 
4.1 -0.05353154 
4.2 -0.06668266 
4.3 -0.1706321 
4.4 -0.1575345 
4.5 -0.1928167 
4.6 -0.340022 
4.7 -0.06657399 
4.8 -0.1703282 
4.9 -0.1898312 
5 -0.2431563 
