-2 4.051976 
-1.9 3.426599 
-1.8 3.403733 
-1.7 3.065183 
-1.6 2.551354 
-1.5 2.270867 
-1.4 2.008356 
-1.3 1.835507 
-1.2 1.327425 
-1.1 1.127331 
-1 0.8850988 
-0.9 0.9486903 
-0.8 0.7738474 
-0.7 0.3261774 
-0.6 0.2803469 
-0.5 0.388177 
-0.4 0.1626725 
-0.3 0.1727981 
-0.2 0.0903815 
-0.1 -0.09300252 
-6.383782e-16 0.01705861 
0.1 0.02165437 
0.2 0.1308718 
0.3 0.2489937 
0.4 0.3368687 
0.5 0.3758846 
0.6 0.3604993 
0.7 0.5808921 
0.8 0.4526863 
0.9 0.9413238 
1 0.9496301 
1.1 1.278366 
1.2 1.401595 
1.3 1.725725 
1.4 2.110108 
1.5 2.280629 
1.6 2.604458 
1.7 2.878133 
1.8 3.174786 
1.9 3.482901 
2 4.067652 
