-4 23.44772 
-3.9 25.96687 
-3.8 27.87888 
-3.7 29.1594 
-3.6 29.54126 
-3.5 28.9789 
-3.4 28.14282 
-3.3 26.54313 
-3.2 24.43003 
-3.1 22.22041 
-3 19.64433 
-2.9 17.2225 
-2.8 14.55303 
-2.7 12.2608 
-2.6 9.88121 
-2.5 7.788648 
-2.4 5.950725 
-2.3 4.344155 
-2.2 3.00049 
-2.1 2.038395 
-2 1.247217 
-1.9 0.6363406 
-1.8 0.4242792 
-1.7 0.002952913 
-1.6 -0.05444912 
-1.5 0.03803806 
-1.4 0.1495798 
-1.3 0.306067 
-1.2 0.4714454 
-1.1 0.6262407 
-1 0.9205468 
-0.9 0.9835595 
-0.8 1.055034 
-0.7 1.25756 
-0.6 1.298058 
-0.5 1.277788 
-0.4 1.246008 
-0.3 1.23077 
-0.2 1.289549 
-0.1 0.9662942 
-2.414735e-15 0.9377148 
0.1 0.9523702 
0.2 1.043302 
0.3 1.367559 
0.4 1.409068 
0.5 1.394398 
0.6 1.364266 
0.7 1.14698 
0.8 1.18199 
0.9 0.9791795 
1 0.8351668 
1.1 0.4847323 
1.2 0.5235789 
1.3 0.1662994 
1.4 0.06984815 
1.5 -0.06872163 
1.6 0.1257187 
1.7 0.09068439 
1.8 0.1661407 
1.9 0.6864194 
2 1.372215 
2.1 2.135507 
2.2 3.066817 
2.3 4.281268 
2.4 6.089953 
2.5 7.896709 
2.6 9.800391 
2.7 12.21813 
2.8 14.63235 
2.9 17.13909 
3 19.60169 
3.1 22.19374 
3.2 24.32851 
3.3 26.35294 
3.4 27.94307 
3.5 28.89953 
3.6 29.509 
3.7 29.15993 
3.8 28.03039 
3.9 26.02774 
4 23.28137 
