-2 6.973373 
-1.9 6.294812 
-1.8 5.249903 
-1.7 4.730985 
-1.6 3.96031 
-1.5 3.54837 
-1.4 2.862426 
-1.3 2.801666 
-1.2 2.51155 
-1.1 1.938773 
-1 2.132027 
-0.9 2.056764 
-0.8 1.979432 
-0.7 2.140136 
-0.6 1.813988 
-0.5 1.897963 
-0.4 2.485722 
-0.3 2.422739 
-0.2 2.665857 
-0.1 2.74576 
-6.383782e-16 3.223247 
0.1 3.055865 
0.2 3.211574 
0.3 3.518396 
0.4 3.754896 
0.5 4.001889 
0.6 4.081653 
0.7 3.848386 
0.8 3.985586 
0.9 4.038677 
1 4.156636 
1.1 3.917775 
1.2 3.832534 
1.3 3.620689 
1.4 3.169969 
1.5 2.390921 
1.6 2.239438 
1.7 1.388708 
1.8 0.8768189 
1.9 -0.05963168 
2 -0.9583611 
