-3 0.5834564 
-2.9 0.8405095 
-2.8 0.8382041 
-2.7 0.9868485 
-2.6 1.271995 
-2.5 1.626127 
-2.4 1.489892 
-2.3 1.774152 
-2.2 1.719088 
-2.1 1.942018 
-2 1.880938 
-1.9 1.682232 
-1.8 1.770403 
-1.7 1.520599 
-1.6 1.712021 
-1.5 1.588435 
-1.4 1.451833 
-1.3 1.173508 
-1.2 1.042189 
-1.1 1.153842 
-1 0.9365081 
-0.9 0.5666205 
-0.8 0.7545403 
-0.7 0.3007556 
-0.6 0.146983 
-0.5 0.2198067 
-0.4 0.1993368 
-0.3 0.2778084 
-0.2 0.08083898 
-0.1 0.01028189 
-1.526557e-15 -0.115694 
0.1 0.2040865 
0.2 -0.1033671 
0.3 0.05056059 
0.4 0.03932153 
0.5 0.2859058 
0.6 0.2289632 
0.7 0.272427 
0.8 0.580937 
0.9 0.6932987 
1 0.951967 
1.1 0.792208 
1.2 1.091112 
1.3 1.323657 
1.4 1.194401 
1.5 1.654154 
1.6 1.655686 
1.7 1.681638 
1.8 1.557008 
1.9 1.941008 
2 1.895954 
2.1 1.733031 
2.2 1.849524 
2.3 1.818369 
2.4 1.554381 
2.5 1.311154 
2.6 1.249578 
2.7 1.225171 
2.8 0.8736142 
2.9 0.6310376 
3 0.3362803 
