-2 2.071391 
-1.9 2.023936 
-1.8 2.002434 
-1.7 1.887765 
-1.6 1.598654 
-1.5 1.543183 
-1.4 1.213693 
-1.3 1.345494 
-1.2 0.9470798 
-1.1 0.9268621 
-1 0.625567 
-0.9 0.7011112 
-0.8 0.5299233 
-0.7 0.47122 
-0.6 0.3109847 
-0.5 0.104795 
-0.4 0.1415113 
-0.3 0.05094978 
-0.2 -0.07031222 
-0.1 0.106048 
6.383782e-16 0.003422161 
0.1 0.1448017 
0.2 0.0923067 
0.3 0.2166307 
0.4 -0.00495603 
0.5 0.308861 
0.6 0.1673482 
0.7 0.6273969 
0.8 0.5836001 
0.9 0.7374644 
1 0.817181 
1.1 0.8013807 
1.2 1.159993 
1.3 1.387581 
1.4 1.522213 
1.5 1.4111 
1.6 1.527426 
1.7 1.742753 
1.8 1.964579 
1.9 2.175305 
2 2.126641 
2.1 2.47776 
2.2 2.42738 
2.3 2.559787 
2.4 3.008042 
2.5 2.79712 
2.6 3.121632 
2.7 3.477727 
2.8 3.628106 
2.9 3.696826 
3 3.926022 
3.1 3.870886 
3.2 4.238444 
3.3 4.317125 
3.4 4.263187 
3.5 4.441516 
3.6 4.495741 
3.7 4.759523 
3.8 5.111248 
3.9 5.276436 
4 5.190243 
4.1 5.38569 
4.2 5.51613 
4.3 5.664345 
4.4 5.80507 
4.5 6.146705 
4.6 6.068525 
4.7 6.514059 
4.8 6.395286 
4.9 6.777997 
5 6.876969 
