-3 -0.09489935 
-2.9 -0.1051995 
-2.8 -0.3239639 
-2.7 -0.2596425 
-2.6 -0.1776321 
-2.5 -0.2261393 
-2.4 -0.1855923 
-2.3 -0.07463206 
-2.2 -0.2826499 
-2.1 -0.04748585 
-2 -0.1415187 
-1.9 0.2071606 
-1.8 0.1408473 
-1.7 0.205222 
-1.6 0.4317621 
-1.5 0.528083 
-1.4 0.4348217 
-1.3 0.5322473 
-1.2 0.6913775 
-1.1 0.9857425 
-1 0.8632812 
-0.9 0.9293917 
-0.8 1.052688 
-0.7 1.42294 
-0.6 1.421488 
-0.5 1.468486 
-0.4 1.567399 
-0.3 1.762621 
-0.2 1.725417 
-0.1 1.914611 
-1.526557e-15 1.870644 
0.1 2.01783 
0.2 2.193119 
0.3 2.227486 
0.4 2.265067 
0.5 2.557035 
0.6 2.510799 
0.7 2.664847 
0.8 2.80124 
0.9 2.727187 
1 2.718591 
1.1 2.751802 
1.2 2.827037 
1.3 3.034407 
1.4 2.985158 
1.5 2.915242 
1.6 2.558932 
1.7 2.563451 
1.8 2.463394 
1.9 2.326571 
2 2.194658 
2.1 1.919055 
2.2 1.679556 
2.3 1.399707 
2.4 1.165307 
2.5 0.9898062 
2.6 0.7867636 
2.7 0.6985144 
2.8 0.3321332 
2.9 0.2349269 
3 0.09377432 
