-3 -1.366255 
-2.9 -2.187351 
-2.8 -2.546982 
-2.7 -2.99479 
-2.6 -3.58328 
-2.5 -3.550925 
-2.4 -3.984172 
-2.3 -3.845646 
-2.2 -3.803341 
-2.1 -3.971231 
-2 -3.803401 
-1.9 -3.297378 
-1.8 -3.306869 
-1.7 -2.945614 
-1.6 -2.624227 
-1.5 -2.44225 
-1.4 -1.88274 
-1.3 -1.626924 
-1.2 -1.267412 
-1.1 -1.047937 
-1 -0.7730456 
-0.9 -0.734106 
-0.8 -0.6418653 
-0.7 -0.2432218 
-0.6 -0.1812288 
-0.5 -0.238088 
-0.4 -0.1862364 
-0.3 0.0001726225 
-0.2 0.1162912 
-0.1 0.1158292 
-1.526557e-15 0.1168169 
0.1 0.1245148 
0.2 0.1708037 
0.3 -0.05516379 
0.4 0.001596588 
0.5 0.1512034 
0.6 0.1145375 
0.7 0.4032295 
0.8 0.3511859 
0.9 0.7743537 
1 0.9919325 
1.1 1.204852 
1.2 1.208037 
1.3 1.626874 
1.4 1.751452 
1.5 2.144321 
1.6 2.395573 
1.7 2.718468 
1.8 3.345854 
1.9 3.417542 
2 3.69804 
2.1 3.809439 
2.2 3.871412 
2.3 4.001277 
2.4 3.790762 
2.5 3.789169 
2.6 3.289405 
2.7 3.269964 
2.8 2.440221 
2.9 1.863982 
3 1.188518 
