-4 0.3187424 
-3.9 0.2659421 
-3.8 0.5594596 
-3.7 0.6113683 
-3.6 0.8754683 
-3.5 0.8673162 
-3.4 0.6131423 
-3.3 0.5357236 
-3.2 0.1900688 
-3.1 -0.2260401 
-3 -0.3131582 
-2.9 -0.5667488 
-2.8 -0.6665419 
-2.7 -0.7697955 
-2.6 -0.805548 
-2.5 -0.7510635 
-2.4 -0.3718805 
-2.3 -0.30952 
-2.2 -0.1283791 
-2.1 -0.09008702 
-2 -0.01647213 
-1.9 0.05664626 
-1.8 0.1299381 
-1.7 0.1094514 
-1.6 0.007500405 
-1.5 -0.04929064 
-1.4 -0.01268861 
-1.3 0.09512536 
-1.2 0.1697711 
-1.1 0.1185265 
-1 -0.1431197 
-0.9 -0.1965525 
-0.8 -0.4592125 
-0.7 -0.6409447 
-0.6 -0.6078213 
-0.5 -0.897727 
-0.4 -0.6959399 
-0.3 -0.8019669 
-0.2 -0.5627547 
-0.1 -0.383099 
-2.414735e-15 -0.02685239 
0.1 0.1732793 
0.2 0.3974721 
0.3 0.7903368 
0.4 0.7426544 
0.5 0.7993559 
0.6 0.5336392 
0.7 0.6085189 
0.8 0.2255157 
0.9 0.1180544 
1 -0.02827785 
1.1 -0.1405327 
1.2 -0.009015048 
1.3 -0.1405109 
1.4 0.1087504 
1.5 0.1239441 
1.6 0.0771225 
1.7 0.1003553 
1.8 -0.1693997 
1.9 -0.160922 
2 -0.04273286 
2.1 0.1190848 
2.2 0.1178589 
2.3 0.3321307 
2.4 0.4051117 
2.5 0.6870014 
2.6 0.8513257 
2.7 0.8259654 
2.8 0.6554663 
2.9 0.5129537 
3 0.5171183 
3.1 0.07735791 
3.2 -0.1644885 
3.3 -0.3121772 
3.4 -0.7835368 
3.5 -0.8024624 
3.6 -0.6597604 
3.7 -0.710101 
3.8 -0.5431663 
3.9 -0.400787 
4 -0.262539 
